{
    "mhx2_version" : "0.27",
    "skeleton" : {
        "name" : "Basemale",
        "offset" : [0,8.6999,0],
        "scale" : 1,
        "bones" : [
            {
                "name" : "Root",
                "head" : [0,-8.6999,-0.2658],
                "tail" : [0,-8.6999,0.2658],
                "roll" : 0,
                "matrix" : [
                    [0,0,1,0],
                    [1,0,0,-8.6999],
                    [0,1,0,-0.2658],
                    [0,0,0,1]
                ]
            },
            {
                "name" : "pelvis",
                "parent" : "Root",
                "head" : [0,3.3648,0.051016],
                "tail" : [0,4.328,-0.30607],
                "roll" : -3.1416,
                "matrix" : [
                    [1,0,0,0],
                    [0,0.93764,0.3476,3.3648],
                    [0,-0.3476,0.93764,0.051016],
                    [0,0,0,1]
                ]
            },
            {
                "name" : "spine_01",
                "parent" : "pelvis",
                "head" : [0,4.328,-0.30607],
                "tail" : [0,4.9958,-0.19613],
                "roll" : 3.1416,
                "matrix" : [
                    [1,0,0,0],
                    [0,0.98672,-0.16245,4.328],
                    [0,0.16245,0.98672,-0.30607],
                    [0,0,0,1]
                ]
            },
            {
                "name" : "thigh_l",
                "parent" : "pelvis",
                "head" : [1.2299,3.235,-0.060772],
                "tail" : [1.7587,-2.3962,0.31286],
                "roll" : -2.6139,
                "matrix" : [
                    [0.90589,0.093301,-0.4131,1.2299],
                    [0.057236,-0.99345,-0.098864,3.235],
                    [-0.41962,0.065916,-0.9053,-0.060772],
                    [0,0,0,1]
                ]
            },
            {
                "name" : "thigh_r",
                "parent" : "pelvis",
                "head" : [-1.2299,3.235,-0.060772],
                "tail" : [-1.7564,-2.3681,0.31286],
                "roll" : 2.6138,
                "matrix" : [
                    [0.90588,-0.09335,0.41312,-1.2299],
                    [-0.057138,-0.99343,-0.099186,3.235],
                    [0.41967,0.066245,-0.90526,-0.060772],
                    [0,0,0,1]
                ]
            },
            {
                "name" : "spine_02",
                "parent" : "spine_01",
                "head" : [0,4.9958,-0.19613],
                "tail" : [0,5.7602,-0.28493],
                "roll" : -3.1416,
                "matrix" : [
                    [1,0,0,0],
                    [0,0.99332,0.11539,4.9958],
                    [0,-0.11539,0.99332,-0.19613],
                    [0,0,0,1]
                ]
            },
            {
                "name" : "calf_l",
                "parent" : "thigh_l",
                "head" : [1.7587,-2.3962,0.31286],
                "tail" : [2.3493,-7.817,0.07793],
                "roll" : -3.0595,
                "matrix" : [
                    [0.99389,0.10821,0.021636,1.7587],
                    [0.10714,-0.9932,0.04564,-2.3962],
                    [0.026427,-0.043043,-0.99872,0.31286],
                    [0,0,0,1]
                ]
            },
            {
                "name" : "calf_r",
                "parent" : "thigh_r",
                "head" : [-1.7564,-2.3681,0.31286],
                "tail" : [-2.3493,-7.817,0.07793],
                "roll" : 3.0596,
                "matrix" : [
                    [0.99391,-0.10809,-0.021604,-1.7564],
                    [-0.10702,-0.99322,0.045411,-2.3681],
                    [-0.026366,-0.042822,-0.99873,0.31286],
                    [0,0,0,1]
                ]
            },
            {
                "name" : "spine_03",
                "parent" : "spine_02",
                "head" : [0,5.7602,-0.28493],
                "tail" : [0,7.5405,-0.53346],
                "roll" : -3.1416,
                "matrix" : [
                    [1,0,0,0],
                    [0,0.9904,0.13826,5.7602],
                    [0,-0.13826,0.9904,-0.28493],
                    [0,0,0,1]
                ]
            },
            {
                "name" : "foot_l",
                "parent" : "calf_l",
                "head" : [2.3493,-7.817,0.07793],
                "tail" : [2.395,-8.6414,1.7039],
                "roll" : 3.1385,
                "matrix" : [
                    [0.99389,0.025025,0.10748,2.3493],
                    [0.10714,-0.45207,-0.88553,-7.817],
                    [0.026427,0.89163,-0.45199,0.077929],
                    [0,0,0,1]
                ]
            },
            {
                "name" : "foot_r",
                "parent" : "calf_r",
                "head" : [-2.3493,-7.817,0.07793],
                "tail" : [-2.395,-8.6414,1.7039],
                "roll" : -3.1386,
                "matrix" : [
                    [0.99391,-0.025025,-0.10734,-2.3493],
                    [-0.10702,-0.45207,-0.88554,-7.817],
                    [-0.026366,0.89163,-0.45199,0.077929],
                    [0,0,0,1]
                ]
            },
            {
                "name" : "clavicle_l",
                "parent" : "spine_03",
                "head" : [0.26586,9.1433,0.30922],
                "tail" : [2.1412,8.821,0.20526],
                "roll" : 1.5021,
                "matrix" : [
                    [-0.16305,0.98409,0.070646,0.26586],
                    [-0.98142,-0.16911,0.090667,9.1433],
                    [0.10117,-0.05455,0.99337,0.30922],
                    [0,0,0,1]
                ]
            },
            {
                "name" : "clavicle_r",
                "parent" : "spine_03",
                "head" : [-0.26586,9.1433,0.30922],
                "tail" : [-2.1412,8.821,0.20526],
                "roll" : -1.502,
                "matrix" : [
                    [-0.16305,-0.98409,-0.070632,-0.26586],
                    [0.98143,-0.16911,0.090583,9.1433],
                    [-0.10109,-0.05455,0.99338,0.30922],
                    [0,0,0,1]
                ]
            },
            {
                "name" : "neck_01",
                "parent" : "spine_03",
                "head" : [0,9.9813,0.13075],
                "tail" : [0,11.144,0.45749],
                "roll" : 3.1416,
                "matrix" : [
                    [1,0,4.095e-05,0],
                    [1.1075e-05,0.96273,-0.27046,9.9813],
                    [-3.9424e-05,0.27046,0.96273,0.13075],
                    [0,0,0,1]
                ]
            },
            {
                "name" : "ball_l",
                "parent" : "foot_l",
                "head" : [2.395,-8.6414,1.7039],
                "tail" : [2.3408,-8.563,2.6261],
                "roll" : -2.0675,
                "matrix" : [
                    [0.9896,-0.05843,0.13141,2.395],
                    [0.13607,0.084628,-0.98708,-8.6414],
                    [0.046554,0.9947,0.091699,1.7039],
                    [0,0,0,1]
                ]
            },
            {
                "name" : "ball_r",
                "parent" : "foot_r",
                "head" : [-2.395,-8.6414,1.7039],
                "tail" : [-2.3408,-8.563,2.6261],
                "roll" : 2.0674,
                "matrix" : [
                    [0.98962,0.05843,-0.13129,-2.395],
                    [-0.13595,0.084628,-0.98709,-8.6414],
                    [-0.046565,0.9947,0.091693,1.7039],
                    [0,0,0,1]
                ]
            },
            {
                "name" : "upperarm_l",
                "parent" : "clavicle_l",
                "head" : [2.1412,8.821,0.20526],
                "tail" : [4.515,6.0999,0.24816],
                "roll" : 0.80046,
                "matrix" : [
                    [-0.75162,0.65732,0.054796,2.1412],
                    [-0.65435,-0.75352,0.06351,8.821],
                    [0.083036,0.011879,0.99648,0.20526],
                    [0,0,0,1]
                ]
            },
            {
                "name" : "upperarm_r",
                "parent" : "clavicle_r",
                "head" : [-2.1412,8.821,0.20526],
                "tail" : [-4.5009,6.1163,0.24815],
                "roll" : -0.80047,
                "matrix" : [
                    [-0.75158,-0.65737,-0.054712,-2.1412],
                    [0.6544,-0.75348,0.063532,8.821],
                    [-0.082988,0.011947,0.99648,0.20526],
                    [0,0,0,1]
                ]
            },
            {
                "name" : "head",
                "parent" : "neck_01",
                "head" : [0,11.144,0.45749],
                "tail" : [0,12.985,0.39255],
                "roll" : 3.1416,
                "matrix" : [
                    [1,0,0,0],
                    [0,0.99938,0.035264,11.144],
                    [0,-0.035264,0.99938,0.45749],
                    [0,0,0,1]
                ]
            },
            {
                "name" : "lowerarm_l",
                "parent" : "upperarm_l",
                "head" : [4.515,6.0999,0.24816],
                "tail" : [6.1815,4.4681,2.6506],
                "roll" : 0.9165,
                "matrix" : [
                    [-0.75621,0.4977,-0.42478,4.515],
                    [-0.64894,-0.48733,0.58428,6.0999],
                    [0.083786,0.7175,0.6915,0.24816],
                    [0,0,0,1]
                ]
            },
            {
                "name" : "lowerarm_r",
                "parent" : "upperarm_r",
                "head" : [-4.5009,6.1163,0.24815],
                "tail" : [-6.1688,4.4831,2.6524],
                "roll" : -0.91639,
                "matrix" : [
                    [-0.75619,-0.49772,0.4248,-4.5009],
                    [0.64897,-0.48737,0.58421,6.1163],
                    [-0.083734,0.71746,0.69155,0.24815],
                    [0,0,0,1]
                ]
            },
            {
                "name" : "hand_l",
                "parent" : "lowerarm_l",
                "head" : [6.1815,4.4681,2.6506],
                "tail" : [6.3137,4.2182,3.0439],
                "roll" : -0.53874,
                "matrix" : [
                    [-0.13363,0.27304,-0.95268,6.1815],
                    [-0.85622,-0.51587,-0.02775,4.4681],
                    [-0.49904,0.81199,0.30272,2.6506],
                    [0,0,0,1]
                ]
            },
            {
                "name" : "hand_r",
                "parent" : "lowerarm_r",
                "head" : [-6.1688,4.4831,2.6524],
                "tail" : [-6.3006,4.2334,3.045],
                "roll" : 0.54046,
                "matrix" : [
                    [-0.13389,-0.2726,0.95277,-6.1688],
                    [0.85596,-0.51632,-0.027439,4.4831],
                    [0.49941,0.81185,0.30247,2.6524],
                    [0,0,0,1]
                ]
            },
            {
                "name" : "index_01_l",
                "parent" : "hand_l",
                "head" : [6.5542,3.8981,4.0804],
                "tail" : [6.6047,3.6881,4.3959],
                "roll" : -2.0269,
                "matrix" : [
                    [0.76898,0.13205,-0.62548,6.5542],
                    [-0.46854,-0.5492,-0.69198,3.8981],
                    [-0.43489,0.82519,-0.36046,4.0804],
                    [0,0,0,1]
                ]
            },
            {
                "name" : "middle_01_l",
                "parent" : "hand_l",
                "head" : [6.7884,3.7088,3.8113],
                "tail" : [6.9081,3.3499,4.1278],
                "roll" : -1.6816,
                "matrix" : [
                    [0.58213,0.24266,-0.77604,6.7884],
                    [-0.41991,-0.72759,-0.54249,3.7088],
                    [-0.69628,0.64167,-0.32166,3.8113],
                    [0,0,0,1]
                ]
            },
            {
                "name" : "pinky_01_l",
                "parent" : "hand_l",
                "head" : [6.9479,3.4667,3.2497],
                "tail" : [7.0371,3.1906,3.3785],
                "roll" : -1.3714,
                "matrix" : [
                    [0.23122,0.28089,-0.93147,6.9479],
                    [-0.34901,-0.86974,-0.34891,3.4667],
                    [-0.90815,0.40577,-0.10306,3.2497],
                    [0,0,0,1]
                ]
            },
            {
                "name" : "ring_01_l",
                "parent" : "hand_l",
                "head" : [6.9127,3.5915,3.546],
                "tail" : [7.0592,3.248,3.7689],
                "roll" : -1.4541,
                "matrix" : [
                    [0.45284,0.33692,-0.82548,6.9127],
                    [-0.34132,-0.78981,-0.5096,3.5915],
                    [-0.82367,0.51253,-0.24266,3.546],
                    [0,0,0,1]
                ]
            },
            {
                "name" : "thumb_01_l",
                "parent" : "hand_l",
                "head" : [6.165,4.3498,3.3118],
                "tail" : [5.8803,4.2405,3.6419],
                "roll" : 0.61059,
                "matrix" : [
                    [0.75196,-0.63355,0.18214,6.165],
                    [0.029904,-0.24324,-0.96951,4.3498],
                    [0.65853,0.73447,-0.16396,3.3118],
                    [0,0,0,1]
                ]
            },
            {
                "name" : "index_01_r",
                "parent" : "hand_r",
                "head" : [-6.5405,3.9139,4.0793],
                "tail" : [-6.5908,3.7044,4.3941],
                "roll" : 2.0271,
                "matrix" : [
                    [0.769,-0.13202,0.62547,-6.5405],
                    [0.46853,-0.54922,-0.69197,3.9139],
                    [0.43488,0.82518,-0.3605,4.0793],
                    [0,0,0,1]
                ]
            },
            {
                "name" : "middle_01_r",
                "parent" : "hand_r",
                "head" : [-6.7743,3.725,3.8107],
                "tail" : [-6.8936,3.3669,4.1265],
                "roll" : 1.6821,
                "matrix" : [
                    [0.58213,-0.24248,0.7761,-6.7743],
                    [0.41993,-0.72769,-0.54233,3.725],
                    [0.69627,0.64161,-0.32179,3.8107],
                    [0,0,0,1]
                ]
            },
            {
                "name" : "pinky_01_r",
                "parent" : "hand_r",
                "head" : [-6.9334,3.4833,3.2503],
                "tail" : [-7.0224,3.2079,3.3787],
                "roll" : 1.3714,
                "matrix" : [
                    [0.23111,-0.28088,0.9315,-6.9334],
                    [0.34894,-0.86979,-0.34885,3.4833],
                    [0.9082,0.40567,-0.10301,3.2503],
                    [0,0,0,1]
                ]
            },
            {
                "name" : "ring_01_r",
                "parent" : "hand_r",
                "head" : [-6.8983,3.6079,3.546],
                "tail" : [-7.0444,3.2651,3.7684],
                "roll" : 1.4544,
                "matrix" : [
                    [0.45286,-0.33677,0.82553,-6.8983],
                    [0.3413,-0.78991,-0.50946,3.6079],
                    [0.82367,0.51247,-0.24278,3.546],
                    [0,0,0,1]
                ]
            },
            {
                "name" : "thumb_01_r",
                "parent" : "hand_r",
                "head" : [-6.1523,4.3647,3.3123],
                "tail" : [-5.8678,4.2556,3.6417],
                "roll" : -0.6093,
                "matrix" : [
                    [0.75139,0.63398,-0.18299,-6.1523],
                    [-0.030802,-0.24331,-0.96946,4.3647],
                    [-0.65914,0.73408,-0.16329,3.3123],
                    [0,0,0,1]
                ]
            },
            {
                "name" : "index_02_l",
                "parent" : "index_01_l",
                "head" : [6.6047,3.6881,4.3959],
                "tail" : [6.5998,3.4577,4.6494],
                "roll" : -2.4922,
                "matrix" : [
                    [0.77352,-0.014257,-0.63361,6.6047],
                    [-0.47635,-0.67251,-0.56641,3.6881],
                    [-0.41803,0.73995,-0.52699,4.3959],
                    [0,0,0,1]
                ]
            },
            {
                "name" : "middle_02_l",
                "parent" : "middle_01_l",
                "head" : [6.9081,3.3499,4.1278],
                "tail" : [6.9511,3.051,4.3877],
                "roll" : -1.9803,
                "matrix" : [
                    [0.59845,0.1079,-0.79386,6.9081],
                    [-0.475,-0.75016,-0.46003,3.3499],
                    [-0.64516,0.65239,-0.39768,4.1278],
                    [0,0,0,1]
                ]
            },
            {
                "name" : "pinky_02_l",
                "parent" : "pinky_01_l",
                "head" : [7.0371,3.1906,3.3785],
                "tail" : [7.0649,2.9856,3.4702],
                "roll" : -1.621,
                "matrix" : [
                    [0.2358,0.12285,-0.96401,7.0371],
                    [-0.3701,-0.90587,-0.20597,3.1906],
                    [-0.89857,0.40535,-0.16813,3.3785],
                    [0,0,0,1]
                ]
            },
            {
                "name" : "ring_02_l",
                "parent" : "ring_01_l",
                "head" : [7.0592,3.248,3.7689],
                "tail" : [7.1257,2.9495,3.9676],
                "roll" : -1.7375,
                "matrix" : [
                    [0.47726,0.18239,-0.85963,7.0592],
                    [-0.41087,-0.8184,-0.40175,3.248],
                    [-0.7768,0.54493,-0.31565,3.7689],
                    [0,0,0,1]
                ]
            },
            {
                "name" : "thumb_02_l",
                "parent" : "thumb_01_l",
                "head" : [5.8803,4.2405,3.6419],
                "tail" : [5.7005,4.0442,4.1111],
                "roll" : 1.4847,
                "matrix" : [
                    [0.91517,-0.33324,0.22675,5.8803],
                    [0.097007,-0.36392,-0.92637,4.2405],
                    [0.39122,0.86978,-0.30072,3.6419],
                    [0,0,0,1]
                ]
            },
            {
                "name" : "index_02_r",
                "parent" : "index_01_r",
                "head" : [-6.5908,3.7044,4.3941],
                "tail" : [-6.586,3.4744,4.647],
                "roll" : 2.4923,
                "matrix" : [
                    [0.77354,0.014308,0.63358,-6.5908],
                    [0.47635,-0.67253,-0.56639,3.7044],
                    [0.418,0.73993,-0.52705,4.3941],
                    [0,0,0,1]
                ]
            },
            {
                "name" : "middle_02_r",
                "parent" : "middle_01_r",
                "head" : [-6.8936,3.3669,4.1265],
                "tail" : [-6.9365,3.0686,4.3859],
                "roll" : 1.9805,
                "matrix" : [
                    [0.59843,-0.10784,0.79389,-6.8936],
                    [0.47502,-0.75019,-0.45997,3.3669],
                    [0.64517,0.65237,-0.39771,4.1265],
                    [0,0,0,1]
                ]
            },
            {
                "name" : "pinky_02_r",
                "parent" : "pinky_01_r",
                "head" : [-7.0224,3.2079,3.3787],
                "tail" : [-7.0501,3.0033,3.4703],
                "roll" : 1.621,
                "matrix" : [
                    [0.23571,-0.12278,0.96404,-7.0224],
                    [0.37008,-0.9059,-0.20586,3.2079],
                    [0.8986,0.4053,-0.16809,3.3787],
                    [0,0,0,1]
                ]
            },
            {
                "name" : "ring_02_r",
                "parent" : "ring_01_r",
                "head" : [-7.0444,3.2651,3.7684],
                "tail" : [-7.1108,2.9673,3.9667],
                "roll" : 1.7376,
                "matrix" : [
                    [0.47727,-0.18235,0.85963,-7.0444],
                    [0.41086,-0.81842,-0.40172,3.2651],
                    [0.77679,0.54492,-0.31569,3.7684],
                    [0,0,0,1]
                ]
            },
            {
                "name" : "thumb_02_r",
                "parent" : "thumb_01_r",
                "head" : [-5.8678,4.2556,3.6417],
                "tail" : [-5.6884,4.0598,4.1098],
                "roll" : -1.4833,
                "matrix" : [
                    [0.91492,0.33329,-0.22769,-5.8678],
                    [-0.097982,-0.36383,-0.9263,4.2556],
                    [-0.39156,0.8698,-0.30022,3.6417],
                    [0,0,0,1]
                ]
            },
            {
                "name" : "index_03_l",
                "parent" : "index_02_l",
                "head" : [6.5998,3.4577,4.6494],
                "tail" : [6.5605,3.1859,4.9155],
                "roll" : -2.703,
                "matrix" : [
                    [0.7717,-0.10289,-0.62761,6.5998],
                    [-0.4985,-0.71067,-0.49644,3.4577],
                    [-0.39495,0.69596,-0.59971,4.6494],
                    [0,0,0,1]
                ]
            },
            {
                "name" : "middle_03_l",
                "parent" : "middle_02_l",
                "head" : [6.9511,3.051,4.3877],
                "tail" : [6.9637,2.7387,4.621],
                "roll" : -2.147,
                "matrix" : [
                    [0.59748,0.032359,-0.80123,6.9511],
                    [-0.46418,-0.80081,-0.37848,3.051],
                    [-0.65388,0.59804,-0.46344,4.3877],
                    [0,0,0,1]
                ]
            },
            {
                "name" : "pinky_03_l",
                "parent" : "pinky_02_l",
                "head" : [7.0649,2.9856,3.4702],
                "tail" : [7.1032,2.722,3.5813],
                "roll" : -1.6076,
                "matrix" : [
                    [0.2328,0.1328,-0.96342,7.0649],
                    [-0.34873,-0.91335,-0.21017,2.9856],
                    [-0.90785,0.3849,-0.16632,3.4702],
                    [0,0,0,1]
                ]
            },
            {
                "name" : "ring_03_l",
                "parent" : "ring_02_l",
                "head" : [7.1257,2.9495,3.9676],
                "tail" : [7.1726,2.6113,4.1473],
                "roll" : -1.86,
                "matrix" : [
                    [0.46857,0.12163,-0.87501,7.1257],
                    [-0.36285,-0.87658,-0.31615,2.9495],
                    [-0.80547,0.46564,-0.3666,3.9676],
                    [0,0,0,1]
                ]
            },
            {
                "name" : "thumb_03_l",
                "parent" : "thumb_02_l",
                "head" : [5.7005,4.0442,4.1111],
                "tail" : [5.6143,3.8211,4.4236],
                "roll" : 2.1768,
                "matrix" : [
                    [0.93261,-0.2191,0.28676,5.7005],
                    [0.11751,-0.56694,-0.81533,4.0442],
                    [0.34121,0.79409,-0.50299,4.1111],
                    [0,0,0,1]
                ]
            },
            {
                "name" : "index_03_r",
                "parent" : "index_02_r",
                "head" : [-6.586,3.4744,4.647],
                "tail" : [-6.5466,3.2031,4.9127],
                "roll" : 2.7034,
                "matrix" : [
                    [0.77171,0.10305,0.62757,-6.586],
                    [0.49852,-0.71073,-0.49632,3.4744],
                    [0.39489,0.69587,-0.59985,4.647],
                    [0,0,0,1]
                ]
            },
            {
                "name" : "middle_03_r",
                "parent" : "middle_02_r",
                "head" : [-6.9365,3.0686,4.3859],
                "tail" : [-6.949,2.7568,4.6186],
                "roll" : 2.1475,
                "matrix" : [
                    [0.59746,-0.032117,0.80126,-6.9365],
                    [0.46421,-0.8009,-0.37825,3.0686],
                    [0.65387,0.59794,-0.46359,4.3859],
                    [0,0,0,1]
                ]
            },
            {
                "name" : "pinky_03_r",
                "parent" : "pinky_02_r",
                "head" : [-7.0501,3.0033,3.4703],
                "tail" : [-7.0883,2.7402,3.5811],
                "roll" : 1.6076,
                "matrix" : [
                    [0.23272,-0.13276,0.96344,-7.0501],
                    [0.34875,-0.91336,-0.2101,3.0033],
                    [0.90786,0.3849,-0.16626,3.4703],
                    [0,0,0,1]
                ]
            },
            {
                "name" : "ring_03_r",
                "parent" : "ring_02_r",
                "head" : [-7.1108,2.9673,3.9667],
                "tail" : [-7.1575,2.6297,4.1459],
                "roll" : 1.8605,
                "matrix" : [
                    [0.46859,-0.1214,0.87504,-7.1108],
                    [0.36284,-0.87666,-0.31593,2.9673],
                    [0.80546,0.46554,-0.36674,3.9667],
                    [0,0,0,1]
                ]
            },
            {
                "name" : "thumb_03_r",
                "parent" : "thumb_02_r",
                "head" : [-5.6884,4.0598,4.1098],
                "tail" : [-5.6024,3.837,4.4217],
                "roll" : -2.1763,
                "matrix" : [
                    [0.93232,0.21896,-0.28781,-5.6884],
                    [-0.11842,-0.56712,-0.81508,4.0598],
                    [-0.34169,0.794,-0.50281,4.1098],
                    [0,0,0,1]
                ]
            }
        ]
    },
    "materials" : [
        {
            "name" : "Basemale:Male1591.obj:Toonskin01",
            "diffuse_color" : [1,1,1],
            "diffuse_map_intensity" : 1,
            "specular_color" : [0.3,0.3,0.3],
            "specular_map_intensity" : 1,
            "shininess" : 0.96,
            "opacity" : 1,
            "translucency" : 0,
            "emissive_color" : [0,0,0],
            "ambient_color" : [0.11,0.11,0.11],
            "transparency_map_intensity" : 1,
            "shadeless" : false,
            "wireframe" : false,
            "transparent" : false,
            "alphaToCoverage" : true,
            "backfaceCull" : true,
            "depthless" : false,
            "castShadows" : true,
            "receiveShadows" : true,
            "sssEnabled" : true,
            "sssRScale" : 4,
            "sssGScale" : 2,
            "sssBScale" : 1
        }
    ],
    "geometries" : [
        {
            "license" : {
                "author" : "Manuel Bastioni",
                "license" : "AGPL3 (http://www.makehuman.org/doc/node/makehuman_mesh_license.html)",
                "homepage" : "http://www.makehuman.org/"
            },
            "name" : "Basemale:Male1591.obj",
            "uuid" : "89cb8524-efbc-4b64-9a1e-6de72e62f07e",
            "offset" : [0,8.6999,0],
            "scale" : 1,
            "issubdivided" : true,
            "material" : "Basemale:Male1591.obj:Toonskin01",
            "mesh" : {
