{"producer":{"name":"Blender","version":"2.79 (sub 0)","exporter_version":"5.6.4","file":"knight.babylon"},
"autoClear":true,"clearColor":[0.0509,0.0509,0.0509],"ambientColor":[0,0,0],"gravity":[0,-9.81,0],
"materials":[{"name":"knight.armor","id":"knight.armor","ambient":[1,1,1],"diffuse":[1,1,1],"specular":[0.15,0.15,0.15],"emissive":[0,0,0],"specularPower":245,"alpha":1,"backFaceCulling":true,"checkReadyOnlyOnce":false,"maxSimultaneousLights":4},
{"name":"knight.cloth","id":"knight.cloth","ambient":[0.5371,0.5371,0.5371],"diffuse":[0.4297,0.4297,0.4297],"specular":[0.7,0.7,0.7],"emissive":[0,0,0],"specularPower":50,"alpha":1,"backFaceCulling":true,"checkReadyOnlyOnce":false,"maxSimultaneousLights":4},
{"name":"knight.sword","id":"knight.sword","ambient":[1,1,1],"diffuse":[0.95,0.95,0.95],"specular":[0.3855,0.3721,0.5],"emissive":[0,0,0],"specularPower":50,"alpha":1,"backFaceCulling":true,"checkReadyOnlyOnce":false,"maxSimultaneousLights":4},
{"name":"knight.torch","id":"knight.torch","ambient":[0.1572,0.128,0.0604],"diffuse":[0.1258,0.1024,0.0483],"specular":[0.0527,0.0372,0.0386],"emissive":[0,0,0],"specularPower":50,"alpha":1,"backFaceCulling":true,"checkReadyOnlyOnce":false,"maxSimultaneousLights":4},
{"name":"knight.flame","id":"knight.flame","ambient":[0.8,0.7287,0.035],"diffuse":[0.64,0.583,0.028],"specular":[0.5,0.3837,0.0615],"emissive":[0,0,0],"specularPower":50,"alpha":1,"backFaceCulling":true,"checkReadyOnlyOnce":false,"maxSimultaneousLights":4},
{"name":"knight.skin","id":"knight.skin","ambient":[1,1,1],"diffuse":[1,1,1],"specular":[1,1,1],"emissive":[0,0,0],"specularPower":50,"alpha":1,"backFaceCulling":true,"checkReadyOnlyOnce":false,"maxSimultaneousLights":4}],
"multiMaterials":[{"name":"knight.Multimaterial#0","id":"knight.Multimaterial#0","materials":["knight.armor","knight.cloth","knight.sword","knight.torch","knight.flame","knight.skin"]}],
"skeletons":[{"name":"Basemale","id":0,"dimensionsAtRest":[14.3302,21.6849,5.449],"bones":[
{"name":"Root","index":0,"matrix":[0,1,0,0,0,0,-1,0,1,0,0,0,0,0,0.2658,1],"rest":[0,1,0,0,0,0,-1,0,1,0,0,0,0,0,0.2658,1],"parentBoneIndex":-1,"length":0.5316},
{"name":"pelvis","index":1,"matrix":[0,0,1,0,0.9376,-0.3476,0,0,0.3476,0.9376,0,0,12.0647,0.3168,0,1],"rest":[0,0,1,0,0.9376,-0.3476,0,0,0.3476,0.9376,0,0,12.0647,0.3168,0,1],"parentBoneIndex":0,"length":1.0273},
{"name":"spine_01","index":2,"matrix":[1,0,0,0,0,0.8687,0.4953,0,0,-0.4953,0.8687,0,0,1.0273,0,1],"rest":[1,0,0,0,0,0.8687,0.4953,0,0,-0.4953,0.8687,0,0,1.0273,0,1],"parentBoneIndex":1,"length":0.6768},
{"name":"spine_02","index":3,"matrix":[1,0,0,0,0,0.9614,-0.2752,0,0,0.2752,0.9614,0,0,0.6768,0,1],"rest":[1,0,0,0,0,0.9614,-0.2752,0,0,0.2752,0.9614,0,0,0.6768,0,1],"parentBoneIndex":2,"length":0.7695},
{"name":"spine_03","index":4,"matrix":[1,0,0,0,0,0.9997,-0.0231,0,0,0.0231,0.9997,0,0,0.7695,0,1],"rest":[1,0,0,0,0,0.9997,-0.0231,0,0,0.0231,0.9997,0,0,0.7695,0,1],"parentBoneIndex":3,"length":1.7976},
{"name":"clavicle_l","index":5,"matrix":[-0.163,-0.986,-0.0355,0,0.9841,-0.1599,-0.0774,0,0.0706,-0.0475,0.9964,0,0.2659,3.2685,1.0562,1],"rest":[-0.163,-0.986,-0.0355,0,0.9841,-0.1599,-0.0774,0,0.0706,-0.0475,0.9964,0,0.2659,3.2685,1.0562,1],"parentBoneIndex":4,"length":1.9057},
{"name":"upperarm_l","index":6,"matrix":[0.7731,-0.6335,-0.0299,0,0.6335,0.7736,-0.0101,0,0.0296,-0.0112,0.9995,0,0,1.9057,0,1],"rest":[0.7731,-0.6335,-0.0299,0,0.6335,0.7736,-0.0101,0,0.0296,-0.0112,0.9995,0,0,1.9057,0,1],"parentBoneIndex":5,"length":3.6113},
{"name":"lowerarm_l","index":7,"matrix":[1,-0.0071,0.0008,0,0.0044,0.7029,0.7113,0,-0.0056,-0.7113,0.7029,0,-0.0001,3.6113,0,1],"rest":[1,-0.0071,0.0008,0,0.0044,0.7029,0.7113,0,-0.0056,-0.7113,0.7029,0,-0.0001,3.6113,0,1],"parentBoneIndex":6,"length":3.3484},
{"name":"hand_l","index":8,"matrix":[0.6149,-0.0073,-0.7886,0,0.1963,0.9699,0.1441,0,0.7638,-0.2434,0.5978,0,0,3.3484,0,1],"rest":[0.6149,-0.0073,-0.7886,0,0.1963,0.9699,0.1441,0,0.7638,-0.2434,0.5978,0,0,3.3484,0,1],"parentBoneIndex":7,"length":0.4844},
{"name":"index_01_l","index":9,"matrix":[0.5154,0.0985,-0.8512,0,0.0408,0.9894,0.1392,0,0.856,-0.1065,0.506,0,-0.2753,1.5568,0.0936,1],"rest":[0.5154,0.0985,-0.8512,0,0.0408,0.9894,0.1392,0,0.856,-0.1065,0.506,0,-0.2753,1.5568,0.0936,1],"parentBoneIndex":8,"length":0.3823},
{"name":"index_02_l","index":10,"matrix":[0.9998,0.0188,-0.0035,0,-0.0177,0.9781,0.2076,0,0.0073,-0.2075,0.9782,0,0,0.3823,0,1],"rest":[0.9998,0.0188,-0.0035,0,-0.0177,0.9781,0.2076,0,0.0073,-0.2075,0.9782,0,0,0.3823,0,1],"parentBoneIndex":9,"length":0.3426},
{"name":"index_03_l","index":11,"matrix":[0.9995,0.032,0.0015,0,-0.032,0.9944,0.101,0,0.0017,-0.101,0.9949,0,0,0.3426,0,1],"rest":[0.9995,0.032,0.0015,0,-0.032,0.9944,0.101,0,0.0017,-0.101,0.9949,0,0,0.3426,0,1],"parentBoneIndex":10,"length":0.3824},
{"name":"middle_01_l","index":12,"matrix":[0.6292,-0.1898,-0.7537,0,0.2703,0.9626,-0.0167,0,0.7287,-0.1932,0.657,0,-0.0102,1.4999,-0.2057,1],"rest":[0.6292,-0.1898,-0.7537,0,0.2703,0.9626,-0.0167,0,0.7287,-0.1932,0.657,0,-0.0102,1.4999,-0.2057,1],"parentBoneIndex":8,"length":0.4933},
{"name":"middle_02_l","index":13,"matrix":[0.997,0.0768,0.0008,0,-0.0764,0.9906,0.1134,0,0.0079,-0.1131,0.9936,0,0,0.4933,0,1],"rest":[0.997,0.0768,0.0008,0,-0.0764,0.9906,0.1134,0,0.0079,-0.1131,0.9936,0,0,0.4933,0,1],"parentBoneIndex":12,"length":0.3984},
{"name":"middle_03_l","index":14,"matrix":[0.9999,-0.0139,-0.0007,0,0.0139,0.9944,0.1049,0,-0.0007,-0.1049,0.9945,0,0,0.3984,0,1],"rest":[0.9999,-0.0139,-0.0007,0,0.0139,0.9944,0.1049,0,-0.0007,-0.1049,0.9945,0,0,0.3984,0,1],"parentBoneIndex":13,"length":0.39},
{"name":"pinky_01_l","index":15,"matrix":[0.7211,-0.4942,-0.4855,0,0.5047,0.8548,-0.1206,0,0.4746,-0.158,0.8659,0,0.456,1.2123,-0.521,1],"rest":[0.7211,-0.4942,-0.4855,0,0.5047,0.8548,-0.1206,0,0.4746,-0.158,0.8659,0,0.456,1.2123,-0.521,1],"parentBoneIndex":8,"length":0.3175},
{"name":"pinky_02_l","index":16,"matrix":[0.9997,0.0235,0.0021,0,-0.0236,0.9869,0.1599,0,0.0017,-0.1599,0.9871,0,0,0.3175,0,1],"rest":[0.9997,0.0235,0.0021,0,-0.0236,0.9869,0.1599,0,0.0017,-0.1599,0.9871,0,0,0.3175,0,1],"parentBoneIndex":15,"length":0.2263},
{"name":"pinky_03_l","index":17,"matrix":[0.9997,-0.0235,0,0,0.0235,0.9997,-0.0046,0,0.0001,0.0046,1,0,0,0.2263,0,1],"rest":[0.9997,-0.0235,0,0,0.0235,0.9997,-0.0046,0,0.0001,0.0046,1,0,0,0.2263,0,1],"parentBoneIndex":16,"length":0.2886},
{"name":"ring_01_l","index":18,"matrix":[0.6428,-0.3691,-0.6713,0,0.3755,0.9156,-0.1439,0,0.6677,-0.1595,0.7271,0,0.206,1.3789,-0.4012,1],"rest":[0.6428,-0.3691,-0.6713,0,0.3755,0.9156,-0.1439,0,0.6677,-0.1595,0.7271,0,0.206,1.3789,-0.4012,1],"parentBoneIndex":8,"length":0.4349},
{"name":"ring_02_l","index":19,"matrix":[0.9962,0.0872,0.0039,0,-0.0869,0.9871,0.1343,0,0.0078,-0.1341,0.9909,0,0,0.4349,0,1],"rest":[0.9962,0.0872,0.0039,0,-0.0869,0.9871,0.1343,0,0.0078,-0.1341,0.9909,0,0,0.4349,0,1],"parentBoneIndex":18,"length":0.3647},
{"name":"ring_03_l","index":20,"matrix":[0.9984,-0.0565,-0.0028,0,0.0565,0.9933,0.1006,0,-0.0029,-0.1006,0.9949,0,0,0.3647,0,1],"rest":[0.9984,-0.0565,-0.0028,0,0.0565,0.9933,0.1006,0,-0.0029,-0.1006,0.9949,0,0,0.3647,0,1],"parentBoneIndex":19,"length":0.3858},
{"name":"thumb_01_l","index":21,"matrix":[-0.4547,0.7246,-0.5179,0,-0.0736,0.5489,0.8327,0,0.8876,0.4167,-0.1963,0,-0.2265,0.5934,0.2192,1],"rest":[-0.4547,0.7246,-0.5178,0,-0.0736,0.5489,0.8327,0,0.8876,0.4167,-0.1963,0,-0.2265,0.5934,0.2192,1],"parentBoneIndex":8,"length":0.4494},
{"name":"thumb_02_l","index":22,"matrix":[0.9487,-0.3161,0.0085,0,0.3113,0.9385,0.1495,0,-0.0552,-0.1392,0.9887,0,0,0.4494,0,1],"rest":[0.9487,-0.3161,0.0085,0,0.3113,0.9385,0.1495,0,-0.0552,-0.1392,0.9887,0,0,0.4494,0,1],"parentBoneIndex":21,"length":0.5395},
{"name":"thumb_03_l","index":23,"matrix":[0.9984,-0.0568,0,0,0.0552,0.97,0.2367,0,-0.0134,-0.2363,0.9716,0,0,0.5395,0,1],"rest":[0.9984,-0.0568,0,0,0.0552,0.97,0.2367,0,-0.0134,-0.2363,0.9716,0,0,0.5395,0,1],"parentBoneIndex":22,"length":0.3935},
{"name":"clavicle_r","index":24,"matrix":[-0.163,0.986,0.0356,0,-0.9841,-0.1599,-0.0774,0,-0.0706,-0.0476,0.9964,0,-0.2659,3.2685,1.0562,1],"rest":[-0.163,0.986,0.0356,0,-0.9841,-0.1599,-0.0774,0,-0.0706,-0.0476,0.9964,0,-0.2659,3.2685,1.0562,1],"parentBoneIndex":4,"length":1.9057},
{"name":"upperarm_r","index":25,"matrix":[0.7749,0.6313,0.03,0,-0.6314,0.7754,-0.0099,0,-0.0295,-0.0113,0.9995,0,0,1.9057,0,1],"rest":[0.7732,0.6335,0.0299,0,-0.6335,0.7737,-0.01,0,-0.0295,-0.0113,0.9995,0,0,1.9057,0,1],"parentBoneIndex":24,"length":3.5896},
{"name":"lowerarm_r","index":26,"matrix":[1,0.0071,-0.0008,0,-0.0044,0.703,0.7112,0,0.0056,-0.7112,0.703,0,0,3.5896,0,1],"rest":[1,0.0071,-0.0008,0,-0.0044,0.703,0.7112,0,0.0056,-0.7112,0.703,0,0,3.5896,0,1],"parentBoneIndex":25,"length":3.3511},
{"name":"hand_r","index":27,"matrix":[0.6149,0.0078,0.7885,0,-0.1969,0.9698,0.144,0,-0.7636,-0.2438,0.5979,0,0,3.3511,0,1],"rest":[0.6149,0.0078,0.7885,0,-0.1969,0.9698,0.144,0,-0.7636,-0.2438,0.5979,0,0,3.3511,0,1],"parentBoneIndex":26,"length":0.4836},
{"name":"index_01_r","index":28,"matrix":[0.5153,-0.0985,0.8514,0,-0.0403,0.9895,0.1389,0,-0.8561,-0.1059,0.5059,0,0.2752,1.5536,0.0931,1],"rest":[0.5153,-0.0985,0.8514,0,-0.0403,0.9895,0.1389,0,-0.8561,-0.1059,0.5059,0,0.2752,1.5536,0.0931,1],"parentBoneIndex":27,"length":0.3815},
{"name":"index_02_r","index":29,"matrix":[0.9998,-0.0188,0.0035,0,0.0177,0.9781,0.2076,0,-0.0074,-0.2075,0.9782,0,0.0001,0.3815,0,1],"rest":[0.9998,-0.0188,0.0035,0,0.0177,0.9781,0.2076,0,-0.0074,-0.2075,0.9782,0,0.0001,0.3815,0,1],"parentBoneIndex":28,"length":0.3419},
{"name":"index_03_r","index":30,"matrix":[0.9995,-0.032,-0.0015,0,0.032,0.9944,0.1011,0,-0.0017,-0.1011,0.9949,0,-0.0001,0.3419,0,1],"rest":[0.9995,-0.032,-0.0015,0,0.032,0.9944,0.1011,0,-0.0017,-0.1011,0.9949,0,-0.0001,0.3419,0,1],"parentBoneIndex":29,"length":0.3818},
{"name":"middle_01_r","index":31,"matrix":[0.6292,0.1898,0.7537,0,-0.27,0.9627,-0.017,0,-0.7288,-0.1928,0.657,0,0.0106,1.4968,-0.2058,1],"rest":[0.6292,0.1898,0.7537,0,-0.27,0.9627,-0.017,0,-0.7288,-0.1928,0.657,0,0.0106,1.4968,-0.2058,1],"parentBoneIndex":27,"length":0.4921},
{"name":"middle_02_r","index":32,"matrix":[0.997,-0.0768,-0.0008,0,0.0764,0.9906,0.1132,0,-0.0079,-0.113,0.9936,0,0.0001,0.4921,0,1],"rest":[0.997,-0.0768,-0.0008,0,0.0764,0.9906,0.1132,0,-0.0079,-0.113,0.9936,0,0.0001,0.4921,0,1],"parentBoneIndex":31,"length":0.3976},
{"name":"middle_03_r","index":33,"matrix":[0.9999,0.0139,0.0007,0,-0.0139,0.9944,0.1051,0,0.0007,-0.1051,0.9945,0,0,0.3976,0,1],"rest":[0.9999,0.0139,0.0007,0,-0.0139,0.9944,0.1051,0,0.0007,-0.1051,0.9945,0,0,0.3976,0,1],"parentBoneIndex":32,"length":0.3893},
{"name":"pinky_01_r","index":34,"matrix":[0.7213,0.4941,0.4853,0,-0.5043,0.855,-0.121,0,-0.4748,-0.1574,0.8659,0,-0.4548,1.2101,-0.5202,1],"rest":[0.7213,0.4941,0.4853,0,-0.5043,0.855,-0.121,0,-0.4748,-0.1574,0.8659,0,-0.4548,1.2101,-0.5202,1],"parentBoneIndex":27,"length":0.3166},
{"name":"pinky_02_r","index":35,"matrix":[0.9997,-0.0236,-0.0021,0,0.0236,0.9869,0.1599,0,-0.0017,-0.1599,0.9871,0,-0.0001,0.3166,-0.0001,1],"rest":[0.9997,-0.0236,-0.0021,0,0.0236,0.9868,0.1599,0,-0.0017,-0.1599,0.9871,0,-0.0001,0.3166,-0.0001,1],"parentBoneIndex":34,"length":0.2259},
{"name":"pinky_03_r","index":36,"matrix":[0.9997,0.0234,0,0,-0.0234,0.9997,-0.0047,0,-0.0001,0.0047,1,0,0.0001,0.2259,0,1],"rest":[0.9997,0.0234,0,0,-0.0234,0.9997,-0.0047,0,-0.0001,0.0047,1,0,0.0001,0.2259,0,1],"parentBoneIndex":35,"length":0.288},
{"name":"ring_01_r","index":37,"matrix":[0.6429,0.369,0.6712,0,-0.3751,0.9157,-0.1442,0,-0.6679,-0.1591,0.7271,0,-0.2052,1.3762,-0.4007,1],"rest":[0.6429,0.369,0.6712,0,-0.3751,0.9157,-0.1442,0,-0.6679,-0.1591,0.7271,0,-0.2052,1.3762,-0.4007,1],"parentBoneIndex":27,"length":0.434},
{"name":"ring_02_r","index":38,"matrix":[0.9962,-0.0872,-0.0039,0,0.0869,0.9871,0.1341,0,-0.0078,-0.134,0.991,0,0,0.434,0,1],"rest":[0.9962,-0.0872,-0.0039,0,0.0869,0.9871,0.1341,0,-0.0078,-0.134,0.991,0,0,0.434,0,1],"parentBoneIndex":37,"length":0.3639},
{"name":"ring_03_r","index":39,"matrix":[0.9984,0.0565,0.0028,0,-0.0565,0.9933,0.1009,0,0.0029,-0.1008,0.9949,0,0,0.3639,0,1],"rest":[0.9984,0.0565,0.0028,0,-0.0565,0.9933,0.1009,0,0.0029,-0.1008,0.9949,0,0,0.3639,0,1],"parentBoneIndex":38,"length":0.3851},
{"name":"thumb_01_r","index":40,"matrix":[-0.4562,-0.724,0.5174,0,0.0735,0.5488,0.8327,0,-0.8869,0.4179,-0.1971,0,0.226,0.5924,0.2186,1],"rest":[-0.4562,-0.724,0.5174,0,0.0735,0.5488,0.8327,0,-0.8869,0.4179,-0.1971,0,0.226,0.5924,0.2186,1],"parentBoneIndex":27,"length":0.4487},
{"name":"thumb_02_r","index":41,"matrix":[0.9486,0.3164,-0.0085,0,-0.3117,0.9383,0.1497,0,0.0553,-0.1394,0.9887,0,0,0.4487,-0.0001,1],"rest":[0.9486,0.3164,-0.0085,0,-0.3117,0.9383,0.1497,0,0.0553,-0.1394,0.9887,0,0,0.4487,-0.0001,1],"parentBoneIndex":40,"length":0.5382},
{"name":"thumb_03_r","index":42,"matrix":[0.9984,0.0566,0,0,-0.055,0.9699,0.2371,0,0.0134,-0.2367,0.9715,0,0,0.5382,0,1],"rest":[0.9984,0.0566,0,0,-0.055,0.9699,0.2371,0,0.0134,-0.2367,0.9715,0,0,0.5382,0,1],"parentBoneIndex":41,"length":0.3928},
{"name":"neck_01","index":43,"matrix":[1,0,0,0,0,0.9161,0.401,0,0,-0.401,0.9161,0,0,4.1231,0.9953,1],"rest":[1,0,0,0,0,0.9161,0.401,0,0,-0.401,0.9161,0,0,4.1231,0.9953,1],"parentBoneIndex":4,"length":1.2077},
{"name":"head","index":44,"matrix":[1,0,0,0,0,0.9526,-0.3042,0,0,0.3042,0.9526,0,0,1.2077,0.0001,1],"rest":[1,0,0,0,0,0.9526,-0.3042,0,0,0.3042,0.9526,0,0,1.2077,0.0001,1],"parentBoneIndex":43,"length":1.8421},
{"name":"thigh_l","index":45,"matrix":[0.9059,0.1995,-0.3736,0,0.0933,-0.9544,-0.2835,0,-0.4131,0.222,-0.8832,0,1.2299,-0.0828,-0.1499,1],"rest":[0.9059,0.1995,-0.3736,0,0.0933,-0.9544,-0.2835,0,-0.4131,0.222,-0.8832,0,1.2299,-0.0828,-0.1499,1],"parentBoneIndex":1,"length":5.6683},
{"name":"calf_l","index":46,"matrix":[0.8954,-0.012,-0.4451,0,0.0592,0.994,0.0925,0,0.4413,-0.1092,0.8907,0,-0.0001,5.6683,0,1],"rest":[0.8954,-0.012,-0.4451,0,0.0592,0.994,0.0925,0,0.4413,-0.1092,0.8907,0,-0.0001,5.6683,0,1],"parentBoneIndex":45,"length":5.458},
{"name":"foot_l","index":47,"matrix":[1,0,0,0,0,0.4133,-0.9106,0,0,0.9106,0.4133,0,0,5.4579,0,1],"rest":[1,0,0,0,0,0.4133,-0.9106,0,0,0.9106,0.4133,0,0,5.4579,0,1],"parentBoneIndex":46,"length":1.8236},
{"name":"ball_l","index":48,"matrix":[0.9994,0.0048,-0.0351,0,-0.0227,0.8472,-0.5308,0,0.0272,0.5313,0.8468,0,0.0001,1.8236,0,1],"rest":[0.9994,0.0048,-0.0352,0,-0.0227,0.8472,-0.5308,0,0.0272,0.5313,0.8468,0,0.0001,1.8236,0,1],"parentBoneIndex":47,"length":0.9271},
{"name":"thigh_r","index":49,"matrix":[0.9059,-0.1995,0.3736,0,-0.0933,-0.9545,-0.2832,0,0.4131,0.2217,-0.8833,0,-1.2299,-0.0828,-0.1499,1],"rest":[0.9059,-0.1995,0.3736,0,-0.0933,-0.9545,-0.2832,0,0.4131,0.2217,-0.8833,0,-1.2299,-0.0828,-0.1499,1],"parentBoneIndex":1,"length":5.6402},
{"name":"calf_r","index":50,"matrix":[0.8954,0.0118,0.4451,0,-0.0591,0.9939,0.0926,0,-0.4413,-0.1093,0.8907,0,0,5.6402,0,1],"rest":[0.8954,0.0118,0.4451,0,-0.0591,0.9939,0.0926,0,-0.4413,-0.1093,0.8907,0,0,5.6402,0,1],"parentBoneIndex":49,"length":5.4861},
{"name":"foot_r","index":51,"matrix":[1,0,0,0,0,0.4135,-0.9105,0,0,0.9105,0.4135,0,0.0001,5.4861,0,1],"rest":[1,0,0,0,0,0.4135,-0.9105,0,0,0.9105,0.4135,0,0.0001,5.4861,0,1],"parentBoneIndex":50,"length":1.8236},
{"name":"ball_r","index":52,"matrix":[0.9994,-0.0049,0.0352,0,0.0228,0.8472,-0.5308,0,-0.0272,0.5313,0.8468,0,-0.0001,1.8236,0,1],"rest":[0.9994,-0.0048,0.0352,0,0.0228,0.8472,-0.5308,0,-0.0272,0.5313,0.8468,0,-0.0001,1.8236,0,1],"parentBoneIndex":51,"length":0.9271}]}],
"meshes":[{"name":"basemale-male1591","id":"basemale-male1591","materialId":"knight.Multimaterial#0","billboardMode":0,"position":[0,0,0],"rotation":[0,0,0],"scaling":[1,1,1],"isVisible":true,"freezeWorldMatrix":false,"isEnabled":true,"checkCollisions":false,"receiveShadows":false,"pickable":true,"tags":"","skeletonId":0,"numBoneInfluencers":6
,"positions":[-0.3528,18.3906,0.3725,-0.4254,18.5886,0.2599,-0.2976,18.5781,0.288,-0.5527,18.5975,0.2044,-0.5033,18.4117,0.3522,-0.6556,18.4833,0.2943,-0.6928,18.6017,0.1147,-0.8109,18.5929,0.0024,-0.8279,18.5522,0.1906,-0.9727,18.5648,0.0571,-1.0488,18.3863,-0.249,-0.8361,18.3905,-0.3982,-0.8797,18.499,-0.2551,-0.7564,18.281,-0.5318,-0.9895,18.2568,-0.4198,-0.8921,18.1273,-0.5746,-0.6559,18.2145,-0.637
,-0.6396,17.9953,-0.7908,-0.7839,18.0562,-0.6861,-1.3837,14.028,-0.0188,-1.2839,14.3746,0.278,-1.2634,14.0146,0.2331,-1.4513,14.0503,-0.2864,-1.403,14.4059,0.0153,-1.5134,14.7402,-0.2002,-1.4707,14.4455,-0.2574,-1.4334,14.695,0.083,-1.2981,14.6616,0.3562,-1.0948,13.9957,0.4204,-0.8556,14.318,0.5956,-0.8375,13.9745,0.5364,-1.1156,14.3431,0.4744,-1.1118,14.6302,0.5545,-0.8404,14.6121,0.6721
,-0.6963,14.3288,-1.3513,-0.9,14.739,-1.2392,-0.9097,14.2684,-1.2234,-0.487,14.3627,-1.4151,-0.6871,14.8049,-1.3688,-1.4616,14.096,-0.5209,-1.3862,14.155,-0.761,-1.4847,14.5017,-0.4833,-1.5337,14.8071,-0.4282,-4.7382,14.1256,-1.659,-5.35,13.7599,-2.2113,-5.329,13.6389,-2.1748,-5.3611,13.4347,-2.0481,-4.6994,13.7543,-1.458,-4.694,13.8616,-1.5546,-1.9958,3.5386,-0.4009,-2.2413,2.6225,-0.4393
,-2.1024,2.5926,-0.3764,-1.8994,4.5224,-0.492,-2.1609,3.5818,-0.4775,-2.3371,3.6278,-0.4611,-2.0916,4.5647,-0.5549,-2.2844,4.6207,-0.5088,-2.397,2.6431,-0.4262,-2.2661,1.3303,-0.6953,-2.1317,1.0602,-0.7425,-2.131,1.317,-0.6044,-2.2042,1.8558,-0.4525,-2.3505,1.8643,-0.472,-2.765,1.2529,-0.2423,-2.7926,0.8816,-0.3125,-2.6828,1.2814,-0.5177,-2.6532,2.652,-0.1249,-2.5074,3.6705,-0.3052
,-2.6187,3.7027,-0.0816,-2.5493,2.6526,-0.3051,-2.4583,4.6843,-0.3102,-2.5614,4.7435,-0.046,-2.6698,1.2261,0.3363,-2.7197,0.9055,0.3644,-2.7574,1.231,0.1707,-2.4424,1.3201,-0.5875,-2.5047,1.8626,-0.4147,-2.6387,1.2906,-0.4551,-2.6285,1.8553,-0.2768,-2.5937,2.6281,0.2394,-2.6179,3.7174,0.1382,-2.5292,3.7134,0.3321,-2.6639,2.6427,0.0652,-2.5416,4.7859,0.1969,-2.4339,4.8019,0.404
,-2.548,1.2242,0.4691,-2.6306,0.9095,0.5264,-2.7772,0.9059,0.171,-2.7947,1.2399,-0.0237,-2.6993,1.844,-0.1002,-2.6942,1.8299,0.0734,-2.4552,2.6114,0.3721,-2.1928,3.6548,0.5562,-2.2878,2.5895,0.4387,-2.3768,3.6898,0.4784,-2.0811,4.7434,0.6474,-2.2732,4.7817,0.5605,-2.4015,1.2186,0.6484,-2.2349,0.89,0.6301,-2.3879,0.9035,0.6906,-2.3962,1.2368,0.4479,-2.2128,1.7751,0.3754
,-2.2556,1.2212,0.4024,-2.625,1.8168,0.2291,-2.5034,1.8084,0.3516,-1.7272,4.4994,-0.3633,-1.7586,3.4919,-0.1289,-1.5926,4.5055,-0.1892,-1.8586,3.5043,-0.2778,-2.0002,2.5554,-0.2697,-1.9333,2.5265,-0.1449,-2.1035,1.8324,-0.36,-2.0404,1.8054,-0.2392,-2.456,1.3157,-0.671,-2.2838,1.0806,-0.8136,-2.0953,1.7576,0.2725,-2.0641,1.2148,0.0872,-2.1342,1.2094,0.2765,-1.6978,4.6697,0.5633
,-2.0095,3.6168,0.545,-1.8792,4.705,0.6454,-2.1311,2.559,0.4148,-1.8533,3.5842,0.4648,-2.0055,2.5335,0.3304,-2.0984,0.8787,0.4719,-2.2398,1.201,0.4763,-2.0998,1.1874,0.3307,-2.5239,1.2422,0.3955,-2.3569,1.797,0.4105,-6.5476,12.7118,-2.6546,-6.5133,12.889,-2.6034,-6.4484,12.8066,-2.5433,-6.559,12.9758,-2.6861,-6.5986,12.7926,-2.7211,-6.63,12.8755,-2.8046,-6.3594,13.1852,-2.3776
,-5.9861,13.8067,-1.73,-5.9469,13.6449,-1.6188,-6.2254,12.9559,-2.2615,-6.1525,12.8954,-2.2872,-6.3912,12.745,-2.5279,-6.5586,13.0498,-2.7697,-6.5209,13.1153,-2.8548,-6.6254,12.9472,-2.8937,-6.5896,13.0119,-2.9879,-6.3696,13.3587,-2.5712,-6.4551,13.1762,-2.9421,-6.2878,13.4251,-2.6676,-5.9469,13.6449,-1.6188,-6.2901,13.0837,-2.309,-6.3594,13.1852,-2.3776,-6.3558,13.2222,-3.0213,-6.5277,13.0739,-3.0868
,-6.4337,13.1277,-3.1792,-6.1689,13.4601,-2.7503,-6.2175,13.2426,-3.0819,-6.3686,13.2766,-2.4624,-6.0788,13.2354,-3.1678,-6.3019,13.168,-3.2538,-6.1675,13.1851,-3.3337,-5.8987,13.3454,-2.8614,-5.8977,13.1096,-3.1292,-5.7755,13.3027,-2.8206,-6.1516,13.4435,-2.7119,-5.8403,14.0037,-2.0014,-6.2577,13.4124,-2.6383,-5.6728,12.7281,-4.2909,-5.6181,12.6756,-4.3191,-5.6264,12.7097,-4.2668,-5.7171,12.6994,-4.3495
,-5.7294,12.7263,-4.2992,-5.7003,12.6728,-4.3989,-5.6633,12.6972,-4.3422,-5.6511,12.6679,-4.3924,-5.6091,12.6446,-4.3709,-5.5969,12.6027,-4.4413,-5.6335,12.6387,-4.437,-5.6209,12.6115,-4.463,-5.598,12.6187,-4.4185,-5.6751,12.6435,-4.4423,-5.6572,12.6211,-4.459,-5.6928,12.7978,-4.1914,-5.6356,12.7451,-4.2168,-5.6473,12.7809,-4.1635,-5.753,12.7913,-4.2025,-5.6822,12.7618,-4.2428,-5.7409,12.7567,-4.2529
,-5.7231,12.8712,-4.0635,-5.6631,12.8171,-4.1008,-5.6815,12.8499,-4.0329,-5.7674,12.8304,-4.1399,-5.7855,12.8691,-4.0712,-5.7062,12.8357,-4.1301,-5.7674,12.9307,-3.9226,-5.7007,12.8761,-3.9635,-5.7179,12.904,-3.8844,-5.8091,12.9024,-4.0022,-5.8361,12.9359,-3.9319,-5.7446,12.9004,-3.9964,-5.8137,13.019,-3.7373,-5.7305,12.9426,-3.787,-5.7502,12.9918,-3.6785,-5.8971,13.0221,-3.7761,-5.788,12.9697,-3.836
,-5.8646,12.9753,-3.8592,-5.9686,12.8638,-3.921,-5.9349,12.9478,-3.8746,-6.0071,12.9017,-3.8797,-5.9034,12.9087,-3.9339,-5.9712,12.9911,-3.8099,-6.0507,12.9417,-3.838,-5.9105,12.8001,-4.0301,-5.8776,12.8743,-3.9951,-5.9383,12.8316,-3.9699,-5.8545,12.84,-4.0604,-5.8528,12.7303,-4.1766,-5.8312,12.8013,-4.1317,-5.8797,12.7643,-4.1054,-5.8109,12.7639,-4.1973,-5.8237,12.6805,-4.2664,-5.7968,12.7333,-4.2456
,-5.8369,12.7042,-4.2246,-5.7843,12.7065,-4.2887,-5.7789,12.6276,-4.3723,-5.7686,12.6802,-4.3389,-5.8047,12.6536,-4.3188,-5.7469,12.6544,-4.3893,-5.6979,12.5884,-4.4428,-5.7167,12.6293,-4.433,-5.7447,12.607,-4.4173,-5.6761,12.6063,-4.4593,-5.7362,12.9504,-3.5841,-5.7576,12.8558,-3.5868,-5.7729,12.8957,-3.47,-5.7176,12.9051,-3.6942,-5.7079,12.867,-3.7959,-5.7494,12.8203,-3.6978,-5.7308,12.7919,-3.8088
,-5.6935,12.8371,-3.8895,-5.6751,12.8084,-3.9748,-5.7061,12.764,-3.9115,-5.6794,12.7299,-3.998,-5.6542,12.7743,-4.0513,-5.6333,12.7382,-4.1187,-5.6529,12.6937,-4.0712,-5.629,12.6596,-4.1344,-5.6159,12.7033,-4.1766,-5.6021,12.6694,-4.2297,-5.6094,12.6273,-4.1916,-5.5956,12.5964,-4.247,-5.5923,12.6362,-4.2824,-5.5841,12.6076,-4.3352,-5.5848,12.5717,-4.3024,-5.5737,12.5573,-4.3597,-5.5747,12.5873,-4.3882
,-5.582,12.5793,-4.432,-5.5833,12.5554,-4.4084,-5.7762,12.7336,-3.8655,-5.8067,12.6979,-3.9429,-5.8531,12.7192,-3.8487,-5.7061,12.764,-3.9115,-5.7392,12.7059,-3.9577,-5.708,12.6718,-4.0358,-5.6794,12.7299,-3.998,-5.6529,12.6937,-4.0712,-5.7729,12.6666,-4.0251,-5.7464,12.633,-4.093,-5.6529,12.6937,-4.0712,-5.6811,12.6371,-4.1027,-5.6578,12.6038,-4.1646,-5.629,12.6596,-4.1344,-5.6094,12.6273,-4.1916
,-5.7226,12.5998,-4.1569,-5.6971,12.5699,-4.2268,-5.6094,12.6273,-4.1916,-5.6375,12.5737,-4.2277,-5.62,12.5514,-4.2893,-5.5956,12.5964,-4.247,-5.5848,12.5717,-4.3024,-5.6721,12.5482,-4.2938,-5.6504,12.5399,-4.3492,-5.5848,12.5717,-4.3024,-5.6049,12.5416,-4.3469,-5.6085,12.5432,-4.3938,-5.5737,12.5573,-4.3597,-5.5833,12.5554,-4.4084,-5.639,12.5422,-4.383,-5.9303,12.7392,-3.9218,-5.8549,12.7011,-3.9657
,-5.8843,12.7141,-4.0104,-5.9039,12.7224,-3.8729,-5.8218,12.6724,-4.0522,-5.8532,12.6863,-4.0975,-5.7989,12.6443,-4.1171,-5.8343,12.6634,-4.1568,-5.7784,12.6164,-4.1764,-5.8181,12.6407,-4.2087,-5.7528,12.5877,-4.2462,-5.7948,12.6132,-4.2739,-5.7236,12.5641,-4.3137,-5.7642,12.5875,-4.3381,-5.7257,12.5699,-4.3873,-5.6923,12.5516,-4.366,-5.6972,12.5631,-4.4091,-5.6648,12.549,-4.4027,-5.6994,12.5718,-4.4286
,-5.7447,12.607,-4.4173,-5.6979,12.5884,-4.4428,-5.7789,12.6276,-4.3723,-5.7454,12.5878,-4.4032,-5.7447,12.607,-4.4173,-5.7837,12.6069,-4.3564,-5.8129,12.6332,-4.2976,-5.8047,12.6536,-4.3188,-5.7789,12.6276,-4.3723,-5.8237,12.6805,-4.2664,-5.8047,12.6536,-4.3188,-5.834,12.6603,-4.2393,-5.8481,12.6822,-4.1938,-5.8369,12.7042,-4.2246,-5.8237,12.6805,-4.2664,-5.8528,12.7303,-4.1766,-5.8369,12.7042,-4.2246
,-5.8652,12.7049,-4.1411,-5.895,12.7352,-4.0609,-5.8797,12.7643,-4.1054,-5.8528,12.7303,-4.1766,-5.9105,12.8001,-4.0301,-5.8797,12.7643,-4.1054,-5.9342,12.7658,-3.979,-6.6013,12.0628,-4.8942,-6.6256,11.996,-4.9238,-6.5985,12.0111,-4.9394,-6.6519,12.0115,-4.8572,-6.6321,12.0423,-4.8754,-6.6343,11.9498,-4.9405,-6.644,11.9693,-4.9107,-6.601,11.9778,-4.959,-6.6201,11.9617,-4.9561,-6.6228,12.201,-4.7581
,-6.6518,12.1145,-4.8101,-6.6145,12.1382,-4.8326,-6.6767,12.1446,-4.7157,-6.6586,12.1805,-4.7373,-6.673,12.0771,-4.7873,-6.6301,12.3301,-4.6275,-6.6627,12.2422,-4.6697,-6.6258,12.2629,-4.6897,-6.6947,12.2613,-4.5785,-6.6732,12.3049,-4.6062,-6.6813,12.2049,-4.647,-6.6765,12.3933,-4.4692,-6.6412,12.4013,-4.5714,-6.6306,12.4244,-4.4892,-6.7214,12.3121,-4.5094,-6.6961,12.3491,-4.4365,-6.6961,12.3663,-4.5468
,-6.6509,12.4751,-4.3364,-6.6195,12.4676,-4.4253,-6.6042,12.5064,-4.363,-6.6869,12.3902,-4.3676,-6.6729,12.4287,-4.3016,-6.6663,12.4356,-4.4021,-6.5837,12.576,-4.2442,-6.6391,12.5128,-4.2731,-6.5918,12.5434,-4.3017,-6.6621,12.465,-4.2391,-6.6355,12.5418,-4.2077,-6.6618,12.4883,-4.1685,-6.5455,11.9883,-4.9585,-6.5852,11.9607,-4.9749,-6.5657,11.9407,-4.9791,-6.5333,12.0465,-4.9171,-6.571,12.0056,-4.9535
,-6.5658,12.0632,-4.9108,-6.5218,12.1153,-4.8625,-6.5268,12.1732,-4.7869,-6.5666,12.1378,-4.8533,-6.5735,12.1979,-4.7774,-6.5255,12.2337,-4.7156,-6.5145,12.3015,-4.6467,-6.5744,12.26,-4.7075,-6.5705,12.3298,-4.6428,-6.4952,12.3788,-4.5735,-6.5113,12.414,-4.4789,-6.5649,12.4073,-4.5805,-6.5675,12.4329,-4.4916,-6.5576,12.4758,-4.4298,-6.5453,12.512,-4.3727,-6.5027,12.4565,-4.4168,-6.493,12.4907,-4.3632
,-6.5341,12.5462,-4.3163,-6.5227,12.5787,-4.2617,-6.4825,12.5231,-4.3103,-6.4692,12.5549,-4.2562,-6.5393,11.9254,-4.9484,-6.5248,11.9676,-4.9469,-6.5459,11.9289,-4.9688,-6.5085,11.9811,-4.8829,-6.5202,11.9451,-4.9273,-6.5455,11.9883,-4.9585,-6.5112,12.0158,-4.9049,-6.5333,12.0465,-4.9171,-6.5657,11.9407,-4.9791,-6.5455,11.9883,-4.9585,-6.4925,12.0267,-4.8262,-6.4984,12.0826,-4.7561,-6.494,12.073,-4.8509
,-6.5218,12.1153,-4.8625,-6.4985,12.1291,-4.7784,-6.5268,12.1732,-4.7869,-6.5333,12.0465,-4.9171,-6.5218,12.1153,-4.8625,-6.4967,12.1325,-4.6837,-6.4842,12.1807,-4.6053,-6.4961,12.184,-4.7071,-6.5255,12.2337,-4.7156,-6.4826,12.2422,-4.6339,-6.5145,12.3015,-4.6467,-6.5268,12.1732,-4.7869,-6.5255,12.2337,-4.7156,-6.465,12.2367,-4.5124,-6.4908,12.3062,-4.4218,-6.4606,12.3102,-4.5496,-6.4952,12.3788,-4.5735
,-6.4863,12.3629,-4.4533,-6.5113,12.414,-4.4789,-6.5145,12.3015,-4.6467,-6.4952,12.3788,-4.5735,-6.4803,12.35,-4.3542,-6.4658,12.4413,-4.3323,-6.4661,12.3862,-4.2954,-6.493,12.4907,-4.3632,-6.4772,12.4063,-4.3878,-6.5113,12.414,-4.4789,-6.5027,12.4565,-4.4168,-6.4534,12.4755,-4.277,-6.4394,12.5091,-4.2236,-6.4507,12.4223,-4.2331,-6.437,12.4552,-4.1753,-6.4692,12.5549,-4.2562,-6.4825,12.5231,-4.3103
,-6.493,12.4907,-4.3632,-6.581,11.8986,-4.9279,-6.5432,11.9222,-4.9082,-6.5585,11.9059,-4.9433,-6.5338,11.9524,-4.8599,-6.5782,11.9064,-4.8955,-6.5727,11.9358,-4.8414,-6.5275,11.9923,-4.796,-6.5365,12.051,-4.7243,-6.5773,11.9746,-4.7692,-6.5872,12.0363,-4.695,-6.5375,12.101,-4.6472,-6.5291,12.1451,-4.5621,-6.5913,12.088,-4.6136,-6.5886,12.1313,-4.5237,-6.5125,12.1935,-4.4661,-6.5233,12.2711,-4.3913
,-6.5761,12.1745,-4.4271,-6.568,12.2533,-4.3676,-6.5547,12.293,-4.3086,-6.5396,12.3253,-4.2491,-6.5112,12.3129,-4.3278,-6.4959,12.3472,-4.2677,-6.4781,12.3819,-4.195,-6.465,12.4067,-4.1232,-6.5214,12.357,-4.1708,-6.5101,12.3726,-4.0893,-6.6096,12.3663,-4.1835,-6.6455,12.4274,-4.1422,-6.605,12.3786,-4.1208,-6.6207,12.3377,-4.243,-6.6469,12.4104,-4.2081,-6.657,12.3783,-4.2672,-6.6338,12.3035,-4.3006
,-6.646,12.2631,-4.3641,-6.6702,12.3417,-4.329,-6.6806,12.3011,-4.3961,-6.6727,12.1958,-4.4229,-6.6666,12.1581,-4.5167,-6.7085,12.2487,-4.4618,-6.6896,12.2065,-4.5443,-6.6775,12.1575,-4.6214,-6.6727,12.1012,-4.694,-6.6582,12.1149,-4.6023,-6.6534,12.0625,-4.6797,-6.672,12.036,-4.7661,-6.6543,11.98,-4.8421,-6.6532,12.0001,-4.7531,-6.6402,11.9535,-4.833,-6.6462,11.9406,-4.904,-6.6335,11.9231,-4.9497
,-6.6342,11.9167,-4.9,-6.6215,11.9004,-4.9506,-6.6106,11.9375,-4.8326,-6.6342,11.9167,-4.9,-6.6402,11.9535,-4.833,-6.61,11.9049,-4.895,-6.6342,11.9167,-4.9,-6.6031,11.8917,-4.9413,-6.6215,11.9004,-4.9506,-6.6256,12.0405,-4.6801,-6.6532,12.0001,-4.7531,-6.6534,12.0625,-4.6797,-6.6204,11.9784,-4.7545,-6.6402,11.9535,-4.833,-6.6336,12.1343,-4.5092,-6.6582,12.1149,-4.6023,-6.6666,12.1581,-4.5167
,-6.6304,12.0923,-4.5992,-6.6534,12.0625,-4.6797,-6.646,12.2631,-4.3641,-6.6291,12.1732,-4.412,-6.6727,12.1958,-4.4229,-6.6087,12.2489,-4.3565,-6.6666,12.1581,-4.5167,-6.6207,12.3377,-4.243,-6.5954,12.2886,-4.2967,-6.6338,12.3035,-4.3006,-6.5814,12.3211,-4.239,-6.6338,12.3035,-4.3006,-6.646,12.2631,-4.3641,-6.605,12.3786,-4.1208,-6.5666,12.3501,-4.169,-6.6096,12.3663,-4.1835,-6.5582,12.3617,-4.0958
,-6.6096,12.3663,-4.1835,-6.6207,12.3377,-4.243,-6.8673,12.2601,-4.0645,-6.9339,12.1705,-4.1041,-6.8981,12.183,-4.1338,-6.8308,12.331,-4.0025,-6.9069,12.2491,-4.031,-6.9272,12.2184,-3.9958,-6.878,12.3163,-3.9577,-6.9066,12.2769,-3.9156,-6.9503,12.1421,-4.0702,-6.9554,12.096,-4.1776,-6.9229,12.1095,-4.2033,-6.9718,12.0153,-4.2556,-6.969,12.0671,-4.1472,-6.984,11.9847,-4.2294,-6.9421,12.03,-4.2777
,-6.9739,11.854,-4.4507,-7.0159,11.9445,-4.3479,-7.0054,11.8325,-4.4281,-6.9762,11.9683,-4.3762,-7.0332,11.8995,-4.3141,-7.0206,11.7949,-4.4018,-6.9746,11.7623,-4.5155,-7.0011,11.7443,-4.4952,-7.0065,11.6795,-4.552,-7.0151,11.7129,-4.4727,-7.0214,11.6496,-4.5285,-6.9802,11.696,-4.5739,-6.9836,11.6351,-4.621,-7.0155,11.5793,-4.6381,-6.9902,11.5926,-4.6638,-7.0081,11.6212,-4.5985,-7.0227,11.5944,-4.5754
,-7.0316,11.5522,-4.6132,-7,11.5194,-4.7078,-7.0109,11.5333,-4.6731,-7.0127,11.5049,-4.6999,-6.9931,11.5438,-4.6934,-7.0217,11.4963,-4.6814,-7.024,11.5128,-4.655,-6.9312,11.5731,-4.6948,-6.9759,11.5407,-4.7087,-6.9587,11.5264,-4.7146,-6.9605,11.5909,-4.6849,-6.9938,11.5095,-4.7234,-6.9839,11.4956,-4.7266,-6.9159,11.6824,-4.5988,-6.9539,11.6355,-4.6392,-6.9241,11.6192,-4.648,-6.9488,11.6986,-4.5908
,-6.8852,11.8481,-4.4784,-6.9415,11.7672,-4.5315,-6.9058,11.7535,-4.5389,-6.9317,11.8617,-4.4699,-6.8501,12.0218,-4.3049,-6.9196,11.9774,-4.4013,-6.8565,11.96,-4.4123,-6.8987,12.0354,-4.2969,-6.7999,12.169,-4.1639,-6.8765,12.1147,-4.2236,-6.8257,12.1009,-4.2302,-6.8507,12.1854,-4.1569,-6.7372,12.2778,-4.0579,-6.8211,12.255,-4.0936,-6.7731,12.2293,-4.1064,-6.7836,12.3157,-4.0397,-7.0246,11.4753,-4.6868
,-7.0166,11.4626,-4.6432,-7.0168,11.458,-4.6882,-7.0269,11.4864,-4.6466,-7.0337,11.5126,-4.5948,-7.0177,11.4763,-4.5847,-7.0053,11.5188,-4.5447,-7.0224,11.5552,-4.5561,-7.0188,11.6069,-4.5075,-6.9991,11.5669,-4.4944,-6.9895,11.6257,-4.4342,-7.0108,11.6681,-4.4496,-7.0138,11.7389,-4.3716,-6.9863,11.6856,-4.35,-6.9844,11.7576,-4.2434,-7.0226,11.8268,-4.2732,-6.9751,11.932,-4.1977,-6.9445,11.881,-4.1748
,-6.9253,11.965,-4.0893,-6.959,12.0156,-4.1128,-6.9394,12.0916,-4.0347,-6.9029,12.0407,-4.0117,-6.876,12.1094,-3.9408,-6.9155,12.1644,-3.9621,-6.898,12.2179,-3.8866,-6.8581,12.1595,-3.8713,-6.8965,11.4999,-4.6649,-6.941,11.5035,-4.7068,-6.9315,11.479,-4.6889,-6.9587,11.5264,-4.7146,-6.9071,11.538,-4.6873,-6.9312,11.5731,-4.6948,-6.9674,11.479,-4.718,-6.9587,11.5264,-4.7146,-6.9839,11.4956,-4.7266
,-6.9539,11.4686,-4.7012,-6.8708,11.5955,-4.5761,-6.8985,11.5824,-4.643,-6.8871,11.5416,-4.6243,-6.9241,11.6192,-4.648,-6.8853,11.6421,-4.5943,-6.9159,11.6824,-4.5988,-6.9312,11.5731,-4.6948,-6.9241,11.6192,-4.648,-6.8182,11.7497,-4.444,-6.8714,11.7155,-4.5331,-6.8549,11.6682,-4.514,-6.9058,11.7535,-4.5389,-6.8403,11.8059,-4.4691,-6.8852,11.8481,-4.4784,-6.9159,11.6824,-4.5988,-6.9058,11.7535,-4.5389
,-6.7812,11.9264,-4.2664,-6.7968,11.9046,-4.3989,-6.7659,11.8329,-4.3648,-6.8565,11.96,-4.4123,-6.8053,11.9791,-4.2931,-6.8501,12.0218,-4.3049,-6.8852,11.8481,-4.4784,-6.8565,11.96,-4.4123,-6.7285,12.0716,-4.1128,-6.7796,12.0576,-4.2145,-6.7546,12.0047,-4.1843,-6.8257,12.1009,-4.2302,-6.7538,12.1247,-4.146,-6.7999,12.169,-4.1639,-6.8501,12.0218,-4.3049,-6.8257,12.1009,-4.2302,-6.6925,12.225,-4.0454
,-6.7015,12.124,-4.0565,-6.6677,12.1711,-4.0069,-6.7731,12.2293,-4.1064,-6.7372,12.2778,-4.0579,-6.7999,12.169,-4.1639,-6.7277,12.179,-4.0913,-6.7731,12.2293,-4.1064,-6.9076,11.473,-4.6305,-6.9597,11.449,-4.6448,-6.9364,11.4589,-4.5986,-6.939,11.4597,-4.6646,-6.974,11.4465,-4.6728,-6.9642,11.4518,-4.6908,-6.8863,11.5604,-4.543,-6.9293,11.4985,-4.5606,-6.9206,11.5417,-4.5106,-6.8997,11.5129,-4.5918
,-6.8864,11.6574,-4.3686,-6.8725,11.6261,-4.4814,-6.9099,11.6004,-4.45,-6.8398,11.6944,-4.4054,-6.8349,11.8564,-4.1945,-6.7889,11.7669,-4.3149,-6.8463,11.7242,-4.2679,-6.7947,11.8827,-4.2292,-6.7813,12.0059,-4.0381,-6.7673,11.9614,-4.147,-6.8083,11.9363,-4.1128,-6.7404,12.029,-4.0738,-6.6817,12.13,-3.9469,-6.7498,12.0661,-3.9673,-6.7262,12.1107,-3.8923,-6.7108,12.0844,-4.0101,-6.9898,11.45,-4.6401
,-7.0166,11.4626,-4.6432,-6.9966,11.4459,-4.6817,-7.0168,11.458,-4.6882,-7.0177,11.4763,-4.5847,-7.0166,11.4626,-4.6432,-6.9792,11.4592,-4.5847,-6.9695,11.5002,-4.5456,-6.9623,11.5445,-4.4949,-7.0177,11.4763,-4.5847,-7.0053,11.5188,-4.5447,-6.9991,11.5669,-4.4944,-6.9524,11.6017,-4.4342,-6.9395,11.6565,-4.3497,-6.9991,11.5669,-4.4944,-6.9895,11.6257,-4.4342,-6.9863,11.6856,-4.35,-6.9184,11.7222,-4.2428
,-6.8913,11.8557,-4.1751,-6.9863,11.6856,-4.35,-6.9844,11.7576,-4.2434,-6.9445,11.881,-4.1748,-6.868,11.938,-4.0914,-6.8429,12.0109,-4.0151,-6.9445,11.881,-4.1748,-6.9253,11.965,-4.0893,-6.9029,12.0407,-4.0117,-6.8128,12.0756,-3.9433,-6.7929,12.1221,-3.8701,-6.9029,12.0407,-4.0117,-6.876,12.1094,-3.9408,-6.8581,12.1595,-3.8713,-7.2144,11.3991,-4.168,-7.1921,11.3707,-4.2103,-7.1874,11.4225,-4.1919
,-7.226,11.372,-4.1386,-7.2126,11.3559,-4.1896,-7.2173,11.314,-4.1891,-7.2215,11.3341,-4.1682,-7.1965,11.3399,-4.2206,-7.2125,11.3242,-4.2084,-7.1943,11.512,-4.0912,-7.1751,11.4747,-4.1531,-7.1696,11.5363,-4.1174,-7.2027,11.4852,-4.0596,-7.2,11.4514,-4.1303,-7.2103,11.4257,-4.1018,-7.1921,11.6459,-4.0014,-7.1667,11.5945,-4.0801,-7.1677,11.673,-4.0443,-7.1935,11.5446,-4.0121,-7.1928,11.6175,-3.9516
,-7.1893,11.5702,-4.049,-7.1094,11.8671,-3.898,-7.1935,11.7573,-3.9362,-7.1622,11.7874,-3.9978,-7.1946,11.7219,-3.8683,-7.132,11.8479,-3.8511,-7.1336,11.8223,-3.8017,-7.0683,11.9986,-3.8032,-7.1116,11.917,-3.7997,-7.0888,11.9378,-3.8486,-7.1114,11.8894,-3.7492,-7.09,11.9773,-3.7524,-7.0874,11.9479,-3.7007,-7.0076,12.1411,-3.6971,-7.0615,12.0525,-3.6927,-7.0415,12.069,-3.7476,-7.0577,12.0224,-3.638
,-7.0273,12.1295,-3.6307,-7.0256,12.0967,-3.5669,-7.1305,11.4781,-3.6144,-7.1306,11.408,-3.5991,-7.1174,11.4213,-3.6287,-7.1312,11.394,-3.5682,-7.1467,11.4617,-3.5715,-7.1453,11.4442,-3.528,-7.1263,11.368,-3.5899,-7.1156,11.3903,-3.633,-7.126,11.3697,-3.6169,-7.1217,11.5952,-3.503,-7.1158,11.5423,-3.5728,-7.1131,11.6147,-3.5388,-7.1153,11.5722,-3.4693,-7.1261,11.5268,-3.5379,-7.1224,11.5092,-3.504
,-7.129,11.7359,-3.4355,-7.1113,11.6885,-3.5085,-7.1156,11.7679,-3.4809,-7.1181,11.6989,-3.3932,-7.1209,11.6643,-3.4697,-7.1121,11.636,-3.4335,-7.0882,11.8633,-3.3733,-7.0846,11.827,-3.4387,-7.0729,11.8916,-3.4075,-7.0815,11.8288,-3.3417,-7.0976,11.7999,-3.4051,-7.0903,11.7679,-3.3738,-7.0562,11.9667,-3.3207,-7.0596,11.9414,-3.3837,-7.0448,11.9869,-3.3621,-7.0457,11.937,-3.2835,-7.0739,11.9163,-3.3469
,-7.0662,11.884,-3.3131,-7.0118,12.0902,-3.3237,-7.036,12.0227,-3.2894,-7.0291,12.0379,-3.3377,-6.9983,12.046,-3.2173,-7.0156,12.0796,-3.2662,-7.0217,11.992,-3.2481,-7.1367,11.36,-4.2253,-7.1817,11.3255,-4.2368,-7.1584,11.31,-4.2386,-7.1499,11.4326,-4.2084,-7.1124,11.4265,-4.2046,-7.1646,11.3702,-4.2257,-7.1396,11.4883,-4.1681,-7.1318,11.5524,-4.1332,-7.1038,11.4846,-4.1639,-7.0925,11.5495,-4.1282
,-7.1246,11.6132,-4.095,-7.1153,11.6945,-4.0633,-7.0793,11.6129,-4.0872,-7.0572,11.6949,-4.0531,-7.1008,11.8057,-4.0315,-7.0701,11.8741,-3.9285,-7.0313,11.7991,-4.0259,-7.025,11.8641,-3.9305,-7.0489,11.9451,-3.8814,-7.0277,12.0063,-3.8378,-7.0025,11.934,-3.8857,-6.9793,11.9939,-3.8445,-6.9568,12.0534,-3.8009,-6.9334,12.1066,-3.763,-7.004,12.0713,-3.7883,-6.9761,12.1338,-3.7454,-7.1919,11.2988,-4.1363
,-7.2175,11.351,-4.1059,-7.1912,11.339,-4.0795,-7.2114,11.2895,-4.1891,-7.1908,11.2715,-4.1845,-7.2134,11.3125,-4.1506,-7.1779,11.3924,-4.0445,-7.1922,11.4619,-4.0278,-7.1672,11.4453,-4.0035,-7.2019,11.4053,-4.0698,-7.154,11.5055,-3.9567,-7.1736,11.592,-3.9124,-7.1399,11.5736,-3.8863,-7.1802,11.5218,-3.9799,-7.1175,11.6612,-3.7838,-7.1094,11.7959,-3.7637,-7.0716,11.7749,-3.7419,-7.1655,11.6873,-3.8159
,-7.0403,11.8398,-3.6913,-7.0545,11.916,-3.6634,-7.0094,11.89,-3.6447,-7.0824,11.8617,-3.7117,-6.9775,11.9408,-3.5803,-6.9926,12.0407,-3.5263,-6.9469,11.9887,-3.5136,-7.0233,11.9792,-3.5976,-7.1284,11.3091,-4.1228,-7.1497,11.3394,-4.0692,-7.1083,11.3469,-4.0734,-7.1412,11.2868,-4.1555,-7.1598,11.3,-4.1249,-7.1919,11.2988,-4.1363,-7.1641,11.2716,-4.1698,-7.1908,11.2715,-4.1845,-7.1912,11.339,-4.0795
,-7.1919,11.2988,-4.1363,-7.1046,11.3939,-4.0413,-7.1324,11.4393,-3.9945,-7.0959,11.4426,-3.9993,-7.1417,11.3894,-4.036,-7.1779,11.3924,-4.0445,-7.1912,11.339,-4.0795,-7.1672,11.4453,-4.0035,-7.1779,11.3924,-4.0445,-7.0818,11.5025,-3.9513,-7.0971,11.5665,-3.8756,-7.0533,11.5704,-3.8827,-7.1187,11.4993,-3.9469,-7.154,11.5055,-3.9567,-7.1672,11.4453,-4.0035,-7.1399,11.5736,-3.8863,-7.154,11.5055,-3.9567
,-7.0081,11.6529,-3.7937,-7.0321,11.7654,-3.7414,-6.996,11.7659,-3.7592,-7.062,11.6502,-3.7765,-7.1175,11.6612,-3.7838,-7.1399,11.5736,-3.8863,-7.0716,11.7749,-3.7419,-7.1175,11.6612,-3.7838,-6.9661,11.8296,-3.7121,-6.97,11.8781,-3.649,-6.9374,11.8784,-3.6725,-7.0005,11.8295,-3.6923,-7.0403,11.8398,-3.6913,-7.0716,11.7749,-3.7419,-7.0094,11.89,-3.6447,-7.0403,11.8398,-3.6913,-6.8727,11.9692,-3.576
,-6.9388,11.9249,-3.5947,-6.9068,11.9682,-3.5337,-6.9069,11.9253,-3.6294,-6.9775,11.9408,-3.5803,-7.0094,11.89,-3.6447,-6.9775,11.9408,-3.5803,-6.9469,11.9887,-3.5136,-7.0735,11.3735,-4.1221,-7.1089,11.3188,-4.1364,-7.082,11.3567,-4.0908,-7.123,11.3048,-4.1861,-7.1036,11.3305,-4.1627,-7.131,11.2881,-4.1737,-7.067,11.4226,-4.0861,-7.0661,11.4539,-4.0166,-7.0523,11.4772,-4.0472,-7.0779,11.4034,-4.0574
,-7.0352,11.5395,-4.0042,-7.0163,11.5846,-3.9098,-6.9995,11.6127,-3.9531,-7.0503,11.5147,-3.9709,-6.9608,11.796,-3.8373,-6.9647,11.6683,-3.8346,-6.9686,11.7751,-3.7921,-6.9484,11.7005,-3.8947,-6.9074,11.9128,-3.7603,-6.9405,11.839,-3.7483,-6.9124,11.8886,-3.7118,-6.9346,11.8612,-3.7957,-6.8412,12.0097,-3.6868,-6.881,11.9355,-3.673,-6.8449,11.9815,-3.63,-6.8764,11.9614,-3.7216,-7.0853,11.4017,-4.1679
,-7.1124,11.4265,-4.2046,-7.1146,11.3456,-4.1983,-7.1366,11.302,-4.217,-7.1367,11.36,-4.2253,-7.1584,11.31,-4.2386,-7.0776,11.4563,-4.1291,-7.1038,11.4846,-4.1639,-7.0635,11.5167,-4.0919,-7.0925,11.5495,-4.1282,-7.1124,11.4265,-4.2046,-7.1038,11.4846,-4.1639,-7.0471,11.5802,-4.05,-7.0572,11.6949,-4.0531,-7.0159,11.6586,-4.0087,-7.0925,11.5495,-4.1282,-7.0793,11.6129,-4.0872,-6.984,11.8318,-3.8918
,-7.025,11.8641,-3.9305,-6.9754,11.7541,-3.9692,-7.0313,11.7991,-4.0259,-7.0572,11.6949,-4.0531,-6.9345,11.9553,-3.8116,-6.9793,11.9939,-3.8445,-6.9599,11.8994,-3.8494,-7.0025,11.934,-3.8857,-7.025,11.8641,-3.9305,-6.8795,12.0584,-3.7374,-6.9568,12.0534,-3.8009,-6.9334,12.1066,-3.763,-6.9568,12.0534,-3.8009,-6.9793,11.9939,-3.8445,-6.9079,12.0087,-3.7715,-7.087,11.3882,-3.5445,-7.121,11.4339,-3.4991
,-7.0818,11.4338,-3.4892,-7.0906,11.3529,-3.5818,-7.1144,11.3872,-3.5497,-7.1153,11.3521,-3.5843,-7.0714,11.4928,-3.4772,-7.0939,11.5547,-3.4501,-7.0625,11.5477,-3.4467,-7.1024,11.4964,-3.4829,-7.0515,11.6085,-3.4067,-7.0866,11.6751,-3.3645,-7.0416,11.6645,-3.3571,-7.0872,11.6166,-3.4112,-7.0186,11.7835,-3.3189,-7.0655,11.7451,-3.3531,-7.0558,11.8006,-3.3223,-7.0296,11.733,-3.3482,-6.9817,11.8811,-3.2633
,-7.04,11.8541,-3.2934,-7.0186,11.9058,-3.2634,-7.0024,11.8335,-3.2911,-6.9312,11.9632,-3.2059,-6.9928,11.9558,-3.2296,-6.9672,12.0028,-3.1984,-6.9567,11.9245,-3.234,-7.0768,11.3848,-3.6419,-7.0966,11.4261,-3.6434,-7.1006,11.3846,-3.6445,-7.1024,11.4848,-3.6418,-7.0717,11.4273,-3.6451,-7.0673,11.4875,-3.6507,-7.0643,11.5494,-3.6063,-7.0568,11.6205,-3.5758,-7.0935,11.5485,-3.5968,-7.089,11.6218,-3.5645
,-7.042,11.6915,-3.5538,-7.0213,11.7681,-3.5389,-7.0813,11.6958,-3.5388,-7.0736,11.7764,-3.5189,-7.0047,11.8275,-3.4813,-6.9871,11.8926,-3.4485,-7.048,11.8349,-3.4665,-7.0329,11.9007,-3.4346,-6.973,11.9408,-3.4263,-6.961,11.976,-3.4107,-7.0195,11.9495,-3.4123,-7.007,11.9892,-3.3947,-6.9496,12.002,-3.3975,-6.9359,12.024,-3.392,-6.9943,12.0274,-3.3768,-6.9798,12.064,-3.3684,-7.0307,11.4108,-3.5715
